0
5
31
34
34
34
0
699; 273; 611; 194; 682; 1; 200; 918; 1300; 0;
413; 513; 418; 418; 682; 1; 200; 1718; 1300; 0;
319; 73; 314; 95; 679; 1; 200; 1318; 1300; 0;
227; 379; 222; 356; 682; 1; 200; 1468; 1300; 0;
227; 395; 222; 356; 380; 1; 200; 1067; 1300; 0;
705; 113; 699; 273; 680; 1; 200; 2811; 900; 1; 10;
773; 343; 706; 146; 682; 1; 200; 2118; 900; 1; 0;
779; 483; 699; 273; 682; 1; 200; 3147; 900; 1; 4;
232; 409; 227; 395; 682; 1; 200; 2118; 900; 1; 1;
232; 396; 227; 379; 682; 1; 200; 2518; 900; 1; 5;
790; 363; 699; 273; 682; 1; 200; 1718; 900; 1; -1;
232; 415; 227; 395; 682; 1; 200; 2518; 900; 1; 1;
791; 460; 699; 273; 682; 1; 200; 2518; 900; 1; 11;
705; 159; 699; 273; 682; 1; 200; 1718; 900; 1; -1;
779; 502; 699; 273; 682; 1; 200; 2334; 900; 1; 4;
855; 286; 1033; 543; 682; 1; 200; 2118; 900; 1; 0;
789; 450; 699; 273; 682; 1; 200; 2518; 900; 1; 9;
686; 97; 699; 273; 682; 1; 200; 1718; 900; 1; -1;
789; 404; 699; 273; 682; 1; 200; 2118; 900; 1; 11;
724; 214; 699; 273; 682; 1; 200; 1718; 900; 1; -1;
705; 94; 699; 273; 682; 1; 200; 2413; 900; 1; 10;
232; 474; 227; 379; 682; 1; 200; 2118; 900; 1; 1;
377; 547; 227; 395; 682; 1; 200; 2118; 900; 1; 1;
446; 63; 615; 365; 682; 1; 200; 2409; 900; 1; 2;
290; 44; 153; 414; 682; 1; 200; 2118; 900; 1; 2;
324; 127; 319; 73; 682; 1; 200; 1718; 900; 1; -1;
779; 490; 699; 273; 682; 1; 200; 3318; 900; 1; 4;
704; 356; 699; 273; 501; 2; 200; 2215; 900; 1; 4;
455; 54; 750; 444; 497; 1; 200; 2410; 900; 1; 2;
664; 413; 178; 572; 492; 2; 200; 3120; 900; 1; 0;
699; 330; 694; 176; 465; 2; 200; 1887; 900; 1; 0;
768; 515; 684; 279; 250; 1; 200; 1872; 900; 1; 4;
779; 510; 393; 163; 224; 1; 200; 2396; 900; 2; 4;
778; 517; 699; 273; 190; 1; 201; 1871; 900; 1; -1;
705; 380; 699; 273; 130; 2; 200; 1790; 900; 1; 4;
705; 368; 699; 273; 117; 2; 200; 1788; 900; 1; -1;
1061; 34; 400;
85; 199; 400;
574; 297; 400;
539; 472; 400;
222; 356; 400;
456; 180; 400;
130; 75; 400;
418; 418; 400;
1128; 17; 400;
891; 68; 400;
745; 16; 400;
121; 47; 400;
492; 239; 400;
214; 100; 400;
57; 84; 400;
1168; 18; 400;
341; 304; 400;
793; 568; 400;
814; 131; 400;
131; 235; 400;
293; 107; 400;
611; 194; 400;
314; 95; 400;
347; 547; 400;
214; 299; 400;
596; 522; 400;
1007; 19; 400;
385; 154; 400;
583; 519; 400;
323; 332; 400;
1086; 145; 400;
1162; 27; 400;
313; 258; 400;
832; 521; 400;
