12
12
12
12
12
0
341; 280; 330; 299; 69; 1; 200; 1331; 800; 0;
358; 99; 353; 230; 69; 1; 200; 1331; 800; 0;
1040; 541; 895; 492; 69; 1; 200; 1331; 800; 0;
145; 445; 218; 497; 69; 1; 200; 1331; 800; 0;
1061; 113; 1071; 72; 69; 1; 200; 1731; 800; 0;
372; 471; 218; 497; 69; 1; 200; 1731; 800; 0;
965; 399; 895; 492; 69; 1; 200; 1331; 800; 0;
1114; 444; 1158; 363; 69; 1; 200; 1331; 800; 0;
670; 46; 569; 92; 69; 1; 200; 1331; 800; 0;
358; 251; 353; 230; 69; 1; 200; 1731; 800; 0;
559; 39; 569; 92; 69; 1; 200; 1331; 800; 0;
161; 566; 218; 497; 69; 1; 200; 1331; 800; 0;
51; 210; 46; 232; 69; 1; 200; 1331; 800; 1;
470; 329; 341; 280; 69; 1; 200; 1331; 800; 1;
74; 42; 364; 285; 69; 1; 200; 1331; 800; 1;
606; 355; 54; 339; 69; 1; 200; 1331; 800; 1;
104; 517; 161; 566; 69; 1; 200; 1331; 800; 1;
534; 531; 372; 471; 69; 1; 200; 1331; 800; 1;
140; 320; 145; 445; 69; 1; 200; 1331; 800; 1;
377; 405; 372; 471; 69; 1; 200; 1331; 800; 1;
1048; 39; 1061; 113; 69; 1; 200; 1331; 800; 1;
947; 228; 1061; 113; 69; 1; 200; 1331; 800; 1;
469; 488; 372; 471; 69; 1; 200; 1331; 800; 1;
723; 347; 728; 293; 69; 1; 200; 1331; 800; 1;
60; 180; 400;
569; 92; 400;
882; 193; 400;
330; 299; 400;
1071; 72; 400;
1158; 363; 400;
461; 296; 400;
930; 220; 400;
353; 230; 400;
895; 492; 400;
218; 497; 400;
677; 529; 400;
