0
12
12
23
23
23
0
823; 146; 828; 241; 13; 1; 200; 2387; 1300; 0;
440; 343; 383; 353; 13; 1; 200; 2387; 1300; 0;
382; 529; 334; 528; 13; 1; 200; 2387; 1300; 0;
1173; 383; 1174; 285; 13; 1; 200; 2387; 1300; 0;
498; 551; 334; 528; 13; 1; 200; 2387; 1300; 0;
747; 531; 890; 507; 13; 1; 200; 2387; 1300; 0;
908; 129; 1012; 143; 13; 1; 200; 2387; 1300; 0;
183; 123; 149; 127; 13; 1; 200; 2387; 1300; 0;
878; 534; 890; 507; 13; 1; 200; 2387; 1300; 0;
1074; 210; 1012; 143; 13; 1; 200; 2387; 1300; 0;
1079; 358; 1174; 285; 13; 1; 200; 2387; 1300; 0;
899; 554; 890; 507; 13; 1; 200; 2387; 1300; 0;
318; 541; 382; 529; 13; 1; 200; 2387; 900; 1; -1;
134; 145; 183; 123; 13; 1; 200; 2387; 900; 1; -1;
311; 39; 183; 123; 13; 1; 200; 2387; 900; 1; -1;
1013; 507; 899; 554; 13; 1; 200; 2387; 900; 1; -1;
255; 479; 382; 529; 13; 1; 200; 2387; 900; 1; -1;
446; 369; 440; 343; 13; 1; 200; 2387; 900; 1; -1;
182; 51; 183; 123; 13; 1; 200; 2387; 900; 1; -1;
736; 408; 747; 531; 13; 1; 200; 2387; 900; 1; -1;
757; 378; 747; 531; 13; 1; 200; 2387; 900; 1; -1;
998; 320; 1079; 358; 13; 1; 200; 2387; 900; 1; -1;
477; 330; 440; 343; 13; 1; 200; 2387; 900; 1; -1;
377; 114; 183; 123; 13; 1; 200; 2387; 900; 1; -1;
334; 528; 400;
568; 143; 400;
904; 291; 400;
1196; 569; 400;
1054; 525; 400;
206; 494; 400;
1012; 143; 400;
993; 18; 400;
550; 122; 400;
672; 283; 400;
87; 203; 400;
199; 220; 400;
149; 127; 400;
580; 80; 400;
903; 400; 400;
1174; 285; 400;
828; 241; 400;
1188; 283; 400;
890; 507; 400;
915; 270; 400;
71; 271; 400;
383; 353; 400;
131; 506; 400;
