12
12
12
12
12
0
425; 294; 461; 296; 180; 1; 200; 1620; 800; 0;
444; 116; 461; 296; 180; 1; 200; 1220; 800; 0;
929; 541; 895; 492; 180; 1; 200; 1220; 800; 0;
213; 488; 218; 497; 180; 1; 200; 1220; 800; 0;
997; 77; 930; 220; 180; 1; 200; 820; 800; 0;
261; 471; 218; 497; 180; 1; 200; 1620; 800; 0;
900; 445; 895; 492; 180; 1; 200; 1220; 800; 0;
1153; 372; 1158; 363; 180; 1; 200; 1220; 800; 0;
649; 46; 679; 537; 180; 1; 200; 1220; 800; 0;
444; 235; 461; 296; 180; 1; 200; 2020; 800; 0;
547; 87; 257; 128; 180; 1; 200; 1620; 800; 0;
213; 507; 218; 497; 180; 1; 200; 820; 800; 0;
144; 227; 310; 209; 180; 1; 200; 1220; 800; 1;
420; 318; 425; 294; 180; 1; 200; 1220; 800; 1;
95; 42; 28; 446; 180; 1; 200; 1220; 800; 1;
495; 355; 425; 294; 180; 1; 200; 1220; 800; 1;
208; 512; 213; 507; 180; 1; 200; 1620; 800; 1;
423; 531; 261; 471; 180; 1; 200; 1220; 800; 1;
208; 363; 213; 488; 180; 1; 200; 1220; 800; 1;
266; 405; 261; 471; 180; 1; 200; 1220; 800; 1;
1002; 72; 997; 77; 180; 1; 200; 2420; 800; 1;
1002; 218; 997; 77; 180; 1; 200; 1220; 800; 1;
358; 488; 261; 471; 180; 1; 200; 1220; 800; 1;
793; 306; 900; 445; 180; 1; 200; 1220; 800; 1;
60; 180; 400;
131; 359; 400;
882; 193; 400;
610; 547; 400;
52; 311; 400;
1158; 363; 400;
461; 296; 400;
930; 220; 400;
581; 302; 400;
895; 492; 400;
218; 497; 400;
677; 529; 400;
