3
241
0
78
78
72
78
509; 595; 433; 413; 1256; 3; 200; 2148; 1304; 0;
587; 118; 592; 188; 1258; 3; 201; 1778; 1300; 0;
1151; 477; 1155; 516; 1257; 4; 202; 2001; 1300; 0;
1003; 448; 1041; 430; 1254; 4; 201; 2521; 1300; 0;
973; 241; 968; 235; 1251; 4; 202; 2183; 1300; 0;
626; 601; 804; 510; 1247; 4; 201; 2093; 1304; 0;
1011; 554; 1018; 557; 1245; 4; 203; 1009; 1300; 0;
201; 496; 255; 396; 1241; 4; 204; 2336; 1300; 0;
1046; 517; 1018; 557; 1238; 3; 201; 989; 1312; 0;
499; 606; 433; 413; 1238; 4; 200; 1839; 1304; 0;
342; 521; 341; 384; 1234; 3; 201; 2063; 1308; 0;
35; 531; 32; 527; 1226; 4; 201; 2705; 1304; 0;
881; 573; 934; 564; 1222; 4; 200; 2348; 1304; 0;
410; 491; 341; 384; 1220; 3; 201; 2792; 1308; 0;
20; 442; 14; 487; 1215; 3; 200; 2464; 1308; 0;
867; 428; 906; 419; 1202; 4; 201; 1515; 1308; 0;
372; 26; 360; 31; 1193; 3; 201; 2599; 1308; 0;
220; 250; 214; 247; 1188; 4; 201; 3158; 1304; 0;
854; 264; 840; 270; 1188; 4; 201; 924; 1308; 0;
430; 341; 341; 384; 1183; 4; 201; 2462; 1308; 0;
927; 312; 920; 281; 1175; 3; 200; 3235; 1300; 0;
273; 175; 310; 207; 1175; 4; 200; 1735; 1304; 0;
266; 422; 255; 396; 1167; 4; 201; 2163; 1300; 0;
1021; 560; 1018; 557; 1160; 4; 200; 3219; 1308; 0;
23; 427; 14; 487; 1149; 4; 201; 2301; 1300; 0;
642; 510; 804; 510; 1142; 3; 200; 1803; 1300; 0;
336; 516; 341; 384; 1122; 3; 200; 2098; 1304; 0;
221; 63; 300; 63; 1121; 4; 201; 1722; 1300; 0;
62; 164; 57; 143; 1120; 3; 201; 2269; 1308; 0;
232; 289; 214; 247; 1107; 3; 200; 1695; 1304; 0;
867; 422; 906; 419; 1101; 4; 201; 2267; 1304; 0;
894; 320; 920; 281; 1092; 4; 201; 963; 1304; 0;
1021; 530; 1018; 557; 1086; 4; 203; 3032; 1300; 0;
685; 335; 687; 284; 1085; 3; 201; 1440; 1312; 0;
416; 312; 375; 226; 1083; 4; 200; 2505; 1304; 0;
673; 196; 677; 151; 1078; 4; 201; 2239; 1300; 0;
48; 235; 57; 143; 1073; 3; 201; 1564; 1308; 0;
811; 199; 814; 191; 1069; 4; 202; 2007; 1300; 0;
470; 564; 341; 384; 1050; 4; 200; 1957; 1304; 0;
1132; 439; 1114; 409; 1042; 4; 203; 1633; 1300; 0;
591; 89; 592; 188; 1035; 3; 202; 3261; 1300; 0;
689; 342; 687; 284; 1028; 4; 201; 1612; 1304; 0;
700; 512; 804; 510; 1014; 4; 202; 2120; 1300; 0;
475; 549; 341; 384; 1007; 3; 201; 1673; 1308; 0;
433; 345; 341; 384; 1003; 3; 200; 2467; 1304; 0;
697; 86; 685; 55; 997; 3; 201; 2142; 1300; 0;
209; 158; 214; 247; 989; 3; 201; 2068; 1308; 0;
706; 276; 693; 252; 985; 4; 201; 2467; 1304; 0;
678; 382; 687; 284; 984; 4; 202; 2717; 1304; 0;
685; 110; 677; 151; 979; 4; 204; 2372; 1300; 0;
40; 247; 65; 329; 979; 3; 201; 2419; 1316; 0;
263; 453; 255; 396; 977; 4; 200; 1927; 1304; 0;
57; 244; 65; 329; 975; 4; 201; 1371; 1308; 0;
819; 168; 814; 191; 969; 3; 200; 3344; 1300; 0;
986; 273; 968; 235; 967; 4; 202; 2689; 1300; 0;
206; 506; 255; 396; 949; 3; 200; 1849; 1308; 0;
997; 446; 1041; 430; 947; 4; 201; 1333; 1300; 0;
670; 513; 804; 510; 947; 4; 200; 1945; 1308; 0;
335; 527; 341; 384; 938; 3; 201; 2227; 1300; 0;
1132; 419; 1114; 409; 920; 4; 200; 1852; 1300; 0;
284; 27; 315; 27; 903; 3; 201; 1878; 1308; 0;
523; 218; 495; 166; 902; 3; 201; 1785; 1300; 0;
610; 203; 592; 188; 894; 3; 200; 2937; 1304; 0;
303; 525; 255; 396; 892; 4; 200; 2649; 1308; 0;
40; 203; 57; 143; 889; 3; 201; 3278; 1308; 0;
691; 129; 677; 151; 883; 3; 200; 1111; 1304; 0;
264; 455; 255; 396; 878; 4; 201; 1678; 1304; 0;
878; 88; 874; 6; 877; 4; 200; 2652; 1304; 0;
975; 209; 968; 235; 875; 4; 202; 2563; 1300; 0;
201; 35; 300; 63; 868; 4; 201; 3113; 1300; 0;
358; 45; 360; 31; 862; 4; 200; 2101; 1304; 0;
610; 172; 592; 188; 845; 3; 203; 2458; 1300; 0;
944; 173; 968; 235; 838; 4; 201; 2470; 1300; 0;
250; 367; 255; 396; 837; 4; 200; 2258; 1308; 0;
1024; 524; 1018; 557; 836; 4; 201; 1661; 1300; 0;
265; 266; 310; 207; 834; 4; 201; 1755; 1304; 0;
334; 505; 341; 384; 832; 4; 200; 1327; 1304; 0;
1129; 457; 1093; 454; 831; 4; 201; 517; 1300; 0;
871; 87; 874; 6; 829; 4; 201; 1652; 1304; 0;
984; 232; 968; 235; 828; 3; 201; 2939; 1300; 0;
460; 572; 341; 384; 822; 3; 200; 2214; 1304; 0;
867; 404; 906; 419; 820; 4; 201; 1730; 1300; 0;
457; 559; 341; 384; 818; 4; 200; 3164; 1304; 0;
13; 427; 14; 487; 809; 3; 200; 2319; 1304; 0;
1035; 435; 1041; 430; 806; 4; 202; 1431; 1300; 0;
967; 276; 968; 235; 789; 4; 200; 1741; 1308; 0;
684; 70; 685; 55; 780; 4; 200; 2397; 1308; 0;
944; 394; 946; 405; 779; 4; 200; 1451; 1308; 0;
690; 75; 685; 55; 774; 4; 202; 1975; 1300; 0;
212; 152; 214; 247; 771; 4; 200; 2836; 1308; 0;
373; 70; 360; 31; 771; 3; 202; 1209; 1308; 0;
258; 434; 255; 396; 768; 3; 200; 2490; 1308; 0;
975; 459; 936; 459; 764; 3; 200; 1619; 1308; 0;
381; 79; 377; 75; 760; 3; 200; 1357; 1304; 0;
683; 383; 687; 284; 760; 4; 201; 2419; 1300; 0;
515; 604; 433; 413; 759; 4; 200; 1596; 1308; 0;
253; 389; 255; 396; 758; 4; 201; 1037; 1300; 0;
978; 203; 968; 235; 755; 4; 201; 2821; 1308; 0;
690; 123; 677; 151; 754; 3; 200; 427; 1304; 0;
301; 519; 255; 396; 752; 4; 202; 1580; 1300; 0;
41; 492; 14; 487; 747; 4; 201; 2089; 1304; 0;
37; 537; 32; 527; 747; 4; 200; 1373; 1304; 0;
366; 375; 341; 384; 740; 3; 200; 3157; 1312; 0;
618; 205; 592; 188; 738; 4; 201; 3351; 1304; 0;
707; 267; 693; 252; 737; 4; 201; 2200; 1300; 0;
694; 511; 804; 510; 737; 4; 204; 1727; 1300; 0;
608; 213; 592; 188; 729; 3; 200; 1741; 1300; 0;
1021; 562; 1018; 557; 726; 4; 201; 100; 1304; 0;
408; 540; 341; 384; 719; 3; 201; 2950; 1304; 0;
977; 273; 968; 235; 718; 4; 201; 1720; 1308; 0;
917; 312; 920; 281; 708; 4; 200; 3007; 1312; 0;
143; 498; 14; 487; 699; 3; 200; 1744; 1308; 0;
595; 136; 592; 188; 673; 4; 201; 1699; 1304; 0;
201; 486; 255; 396; 669; 4; 200; 2933; 1304; 0;
1116; 10; 1184; 51; 669; 3; 201; 3200; 1300; 0;
518; 586; 433; 413; 661; 3; 200; 1400; 1300; 0;
251; 438; 255; 396; 654; 4; 200; 2901; 1308; 0;
701; 498; 804; 510; 654; 4; 201; 1560; 1300; 0;
613; 64; 685; 55; 651; 4; 200; 2824; 1308; 0;
420; 288; 375; 226; 648; 3; 201; 2207; 1308; 0;
518; 192; 495; 166; 644; 4; 201; 2445; 1304; 0;
696; 533; 804; 510; 643; 4; 201; 2416; 1300; 0;
467; 441; 341; 384; 642; 4; 200; 3305; 1304; 0;
1107; 134; 1109; 147; 639; 4; 201; 1331; 1300; 0;
677; 456; 804; 510; 639; 2; 200; 2891; 1304; 0;
461; 533; 341; 384; 636; 4; 201; 1316; 1308; 0;
972; 220; 968; 235; 636; 4; 202; 2443; 1300; 0;
577; 452; 660; 288; 626; 4; 201; 2929; 1300; 0;
705; 284; 687; 284; 620; 4; 203; 2476; 1300; 0;
979; 240; 968; 235; 620; 4; 202; 1359; 1300; 0;
975; 250; 968; 235; 614; 3; 200; 1033; 1300; 0;
1171; 178; 1167; 174; 608; 4; 200; 3361; 1308; 0;
979; 464; 963; 506; 601; 4; 202; 1914; 1300; 0;
968; 237; 968; 235; 598; 4; 201; 2159; 1304; 0;
1137; 410; 1114; 409; 597; 4; 203; 3005; 1300; 0;
881; 566; 934; 564; 595; 4; 200; 1894; 1300; 0;
536; 609; 433; 413; 592; 4; 200; 1803; 1308; 0;
579; 445; 660; 288; 586; 4; 201; 1249; 1304; 0;
261; 422; 255; 396; 586; 3; 200; 1923; 1308; 0;
707; 260; 693; 252; 579; 4; 201; 1476; 1304; 0;
215; 495; 255; 396; 579; 3; 201; 2947; 1304; 0;
668; 506; 804; 510; 576; 4; 201; 2180; 1304; 0;
817; 180; 814; 191; 574; 3; 200; 1693; 1300; 0;
697; 120; 677; 151; 574; 3; 201; 2050; 1300; 0;
483; 455; 341; 384; 565; 3; 202; 1738; 1304; 0;
40; 284; 65; 329; 565; 3; 200; 2224; 1308; 0;
700; 488; 804; 510; 561; 4; 202; 1424; 1300; 0;
691; 351; 687; 284; 560; 4; 202; 2024; 1300; 0;
906; 469; 910; 457; 557; 4; 203; 3260; 1300; 0;
674; 163; 677; 151; 545; 4; 201; 1975; 1300; 0;
363; 343; 341; 384; 533; 2; 201; 2016; 1304; 0;
1149; 470; 1155; 516; 527; 4; 201; 1326; 1300; 0;
971; 163; 968; 235; 523; 4; 200; 2907; 1300; 0;
564; 614; 1088; 307; 522; 4; 200; 737; 1304; 0;
44; 483; 14; 487; 519; 4; 201; 3369; 1304; 0;
877; 80; 874; 6; 516; 4; 202; 3367; 1300; 0;
46; 139; 57; 143; 510; 4; 201; 1678; 1300; 0;
968; 210; 968; 235; 499; 4; 202; 2202; 1300; 0;
220; 127; 300; 63; 498; 4; 201; 1807; 1308; 0;
258; 450; 255; 396; 497; 4; 200; 2623; 1308; 0;
425; 307; 375; 226; 495; 4; 200; 2206; 1304; 0;
981; 432; 946; 405; 490; 4; 200; 245; 1308; 0;
588; 134; 592; 188; 488; 3; 202; 1527; 1300; 0;
34; 282; 65; 329; 483; 3; 201; 1636; 1308; 0;
577; 415; 660; 288; 464; 3; 202; 2935; 1304; 0;
624; 586; 804; 510; 462; 4; 201; 760; 1304; 0;
215; 164; 214; 247; 460; 4; 201; 1827; 1312; 0;
380; 213; 375; 226; 445; 3; 200; 2492; 1304; 0;
949; 376; 946; 405; 444; 4; 201; 2382; 1300; 0;
949; 167; 968; 235; 437; 4; 201; 463; 1308; 0;
1021; 554; 1018; 557; 437; 4; 200; 829; 1308; 0;
39; 522; 32; 527; 432; 4; 200; 2300; 1304; 0;
670; 495; 804; 510; 408; 4; 200; 2671; 1304; 0;
817; 207; 814; 191; 403; 3; 200; 1380; 1308; 0;
691; 378; 687; 284; 398; 3; 202; 991; 1300; 0;
661; 504; 804; 510; 395; 4; 201; 976; 1304; 0;
582; 69; 592; 188; 392; 3; 201; 2575; 1300; 0;
980; 466; 963; 506; 385; 4; 203; 1820; 1300; 0;
587; 97; 592; 188; 383; 4; 201; 3035; 1300; 0;
370; 430; 341; 384; 383; 4; 201; 1033; 1304; 0;
456; 545; 341; 384; 383; 4; 200; 1096; 1304; 0;
923; 289; 920; 281; 376; 4; 204; 368; 1300; 0;
14; 454; 14; 487; 373; 3; 201; 2635; 1308; 0;
616; 49; 685; 55; 369; 4; 201; 2164; 1308; 0;
913; 463; 910; 457; 368; 4; 201; 1944; 1304; 0;
457; 580; 341; 384; 348; 4; 201; 1322; 1308; 0;
147; 540; 32; 527; 345; 3; 201; 2061; 1308; 0;
38; 475; 14; 487; 337; 4; 201; 1274; 1304; 0;
252; 383; 255; 396; 328; 4; 201; 2461; 1308; 0;
44; 275; 65; 329; 320; 4; 201; 2955; 1308; 0;
1173; 265; 1182; 237; 319; 4; 200; 2137; 1308; 0;
590; 84; 592; 188; 317; 4; 201; 1760; 1308; 0;
202; 28; 300; 63; 315; 4; 201; 3049; 1300; 0;
426; 297; 375; 226; 306; 4; 200; 1810; 1304; 0;
608; 70; 685; 55; 305; 4; 202; 1178; 1300; 0;
324; 473; 341; 384; 303; 3; 200; 1287; 1312; 0;
435; 319; 375; 226; 296; 4; 200; 1420; 1304; 0;
690; 332; 687; 284; 287; 4; 201; 1152; 1304; 0;
549; 433; 660; 288; 276; 4; 200; 1133; 1304; 0;
611; 193; 592; 188; 270; 4; 201; 1486; 1300; 0;
878; 479; 910; 457; 265; 4; 201; 1608; 1304; 0;
910; 247; 907; 265; 256; 3; 200; 1906; 1308; 0;
39; 195; 57; 143; 231; 3; 200; 1916; 1308; 0;
427; 329; 341; 384; 228; 4; 201; 1396; 1300; 0;
982; 248; 968; 235; 221; 4; 202; 1779; 1300; 0;
1108; 144; 1109; 147; 218; 4; 200; 1689; 1308; 0;
376; 428; 341; 384; 214; 4; 202; 1359; 1300; 0;
228; 112; 300; 63; 201; 3; 202; 1265; 1308; 0;
205; 479; 255; 396; 195; 4; 204; 1532; 1300; 0;
419; 336; 341; 384; 194; 4; 200; 3115; 1304; 0;
1108; 85; 1140; 88; 194; 3; 202; 1997; 1300; 0;
247; 94; 300; 63; 186; 4; 201; 1109; 1300; 0;
865; 520; 910; 457; 180; 4; 200; 2341; 1308; 0;
17; 418; 14; 487; 179; 4; 201; 1097; 1300; 0;
376; 417; 341; 384; 170; 4; 200; 1523; 1304; 0;
324; 463; 341; 384; 165; 3; 200; 1664; 1304; 0;
1023; 543; 1018; 557; 160; 4; 201; 1290; 1308; 0;
682; 359; 687; 284; 158; 4; 203; 2056; 1300; 0;
598; 57; 685; 55; 149; 4; 202; 1974; 1300; 0;
214; 71; 300; 63; 145; 4; 201; 1718; 1300; 0;
368; 81; 360; 31; 139; 3; 201; 2196; 1308; 0;
381; 90; 377; 75; 136; 3; 201; 2554; 1304; 0;
698; 541; 804; 510; 135; 4; 201; 1245; 1304; 0;
221; 224; 214; 247; 117; 3; 202; 2666; 1308; 0;
685; 303; 687; 284; 115; 3; 201; 1837; 1312; 0;
46; 172; 57; 143; 104; 4; 202; 2567; 1308; 0;
1043; 471; 1041; 430; 98; 4; 200; 2648; 1300; 0;
245; 104; 300; 63; 97; 4; 201; 1803; 1308; 0;
599; 63; 685; 55; 86; 4; 202; 1823; 1312; 0;
227; 274; 214; 247; 80; 4; 200; 1454; 1308; 0;
877; 464; 910; 457; 67; 4; 201; 1911; 1308; 0;
687; 101; 685; 55; 56; 4; 202; 1971; 1300; 0;
47; 263; 65; 329; 56; 4; 201; 1577; 1308; 0;
434; 337; 341; 384; 46; 4; 201; 1658; 1312; 0;
374; 77; 377; 75; 30; 4; 200; 1697; 1308; 0;
48; 151; 57; 143; 25; 4; 201; 1674; 1300; 0;
593; 127; 592; 188; 22; 4; 202; 2095; 1304; 0;
285; 36; 300; 63; 19; 3; 201; 2275; 1308; 0;
200; 504; 255; 396; 13; 3; 201; 1846; 1308; 0;
287; 175; 310; 207; 5; 4; 200; 1731; 1304; 0;
523; 218; 495; 166; 2; 4; 201; 1780; 1300; 0;
14; 487; 400;
1085; 12; 400;
1072; 410; 400;
1167; 174; 400;
804; 510; 400;
1182; 159; 400;
868; 68; 400;
910; 457; 400;
1107; 164; 400;
937; 65; 400;
894; 289; 400;
377; 75; 400;
360; 31; 400;
5; 504; 400;
920; 281; 400;
934; 564; 400;
291; 381; 400;
593; 517; 400;
341; 384; 400;
814; 191; 400;
1147; 113; 400;
840; 270; 400;
907; 265; 400;
936; 459; 400;
687; 284; 400;
433; 413; 400;
963; 506; 400;
906; 419; 400;
874; 6; 400;
954; 360; 400;
404; 190; 400;
1041; 430; 400;
946; 405; 400;
1093; 454; 400;
932; 449; 400;
495; 166; 400;
1155; 516; 400;
41; 6; 400;
375; 226; 400;
79; 553; 400;
618; 70; 400;
214; 247; 400;
660; 288; 400;
1029; 216; 400;
878; 413; 400;
315; 27; 400;
924; 39; 400;
1057; 327; 400;
823; 535; 400;
1152; 181; 400;
592; 332; 400;
90; 129; 400;
1184; 51; 400;
885; 272; 400;
1114; 409; 400;
57; 143; 400;
685; 55; 400;
1182; 237; 400;
783; 117; 400;
98; 319; 400;
300; 63; 400;
936; 472; 400;
592; 188; 400;
693; 252; 400;
957; 384; 400;
255; 396; 400;
65; 329; 400;
310; 207; 400;
1154; 125; 400;
342; 116; 400;
677; 151; 400;
1140; 88; 400;
557; 314; 400;
466; 72; 400;
208; 570; 400;
828; 450; 400;
153; 393; 400;
822; 47; 400;
438; 493; 400;
1027; 126; 400;
295; 533; 400;
875; 69; 400;
797; 361; 400;
20; 430; 400;
580; 538; 400;
584; 357; 400;
965; 227; 400;
511; 96; 400;
699; 27; 400;
936; 103; 400;
735; 424; 400;
251; 29; 400;
191; 488; 400;
596; 182; 400;
1066; 171; 400;
415; 437; 400;
1103; 544; 400;
205; 535; 400;
239; 575; 400;
179; 424; 400;
695; 98; 400;
662; 304; 400;
358; 471; 400;
313; 198; 400;
942; 516; 400;
733; 388; 400;
219; 237; 400;
119; 95; 400;
374; 496; 400;
129; 428; 400;
386; 525; 400;
909; 369; 400;
66; 361; 400;
1015; 187; 400;
850; 493; 400;
828; 223; 400;
20; 452; 400;
500; 383; 400;
275; 542; 400;
267; 509; 400;
673; 394; 400;
461; 195; 400;
167; 216; 400;
805; 460; 400;
732; 373; 400;
249; 361; 400;
680; 494; 400;
423; 548; 400;
99; 225; 400;
531; 296; 400;
1121; 470; 400;
842; 41; 400;
855; 458; 400;
611; 406; 400;
870; 469; 400;
759; 510; 400;
176; 61; 400;
633; 210; 400;
1083; 14; 400;
373; 525; 400;
635; 281; 400;
158; 431; 400;
834; 518; 400;
57; 474; 400;
1003; 124; 400;
278; 480; 400;
474; 355; 400;
27; 335; 400;
20; 324; 400;
1138; 525; 400;
