12
12
12
12
12
0
433; 294; 461; 296; 188; 1; 200; 1612; 800; 0;
360; 153; 436; 143; 188; 1; 200; 1612; 800; 0;
921; 541; 895; 492; 188; 1; 200; 1212; 800; 0;
210; 492; 131; 359; 188; 1; 200; 1612; 800; 0;
989; 77; 930; 220; 188; 1; 200; 812; 800; 0;
253; 471; 131; 359; 188; 1; 200; 1612; 800; 0;
900; 453; 895; 492; 188; 1; 200; 1212; 800; 0;
1150; 368; 28; 446; 188; 1; 200; 1612; 800; 0;
551; 46; 436; 143; 188; 1; 200; 1212; 800; 0;
360; 197; 436; 143; 188; 1; 200; 2012; 800; 0;
499; 87; 436; 143; 188; 1; 200; 1612; 800; 0;
210; 502; 131; 359; 188; 1; 200; 212; 800; 0;
170; 210; 360; 197; 188; 1; 200; 1212; 800; 1;
428; 318; 433; 294; 188; 1; 200; 1212; 800; 1;
193; 42; 360; 153; 188; 1; 200; 1212; 800; 1;
578; 446; 433; 294; 188; 1; 200; 1212; 800; 1;
208; 507; 210; 502; 188; 1; 200; 2212; 800; 1;
415; 531; 253; 471; 188; 1; 200; 1212; 800; 1;
208; 371; 210; 492; 188; 1; 200; 1212; 800; 1;
258; 405; 253; 471; 188; 1; 200; 1212; 800; 1;
994; 72; 989; 77; 188; 1; 200; 2412; 800; 1;
994; 218; 989; 77; 188; 1; 200; 1212; 800; 1;
350; 488; 253; 471; 188; 1; 200; 1212; 800; 1;
664; 287; 499; 87; 188; 1; 200; 1212; 800; 1;
60; 180; 400;
679; 537; 400;
882; 193; 400;
577; 84; 400;
436; 143; 400;
310; 209; 400;
461; 296; 400;
930; 220; 400;
131; 359; 400;
895; 492; 400;
257; 128; 400;
677; 529; 400;
