0
11
11
11
11
11
0
504; 273; 565; 242; 420; 1; 200; 2380; 1300; 0;
200; 13; 431; 22; 420; 1; 200; 2380; 1300; 0;
1116; 312; 1134; 218; 420; 1; 200; 2380; 1300; 0;
612; 49; 565; 242; 420; 1; 200; 1980; 1300; 0;
494; 256; 565; 242; 420; 1; 200; 1580; 1300; 0;
612; 267; 607; 378; 420; 1; 200; 2380; 1300; 0;
1126; 275; 1134; 218; 420; 1; 200; 2380; 1300; 0;
496; 6; 177; 308; 420; 1; 200; 1980; 1300; 0;
644; 73; 565; 242; 420; 1; 200; 3180; 1300; 0;
593; 43; 565; 242; 420; 1; 200; 1980; 1300; 0;
1116; 323; 1134; 218; 420; 1; 200; 2380; 1300; 0;
492; 251; 504; 273; 420; 1; 200; 2780; 900; 1; 4;
296; 456; 494; 256; 420; 1; 200; 1980; 900; 1; -1;
650; 160; 644; 73; 420; 1; 200; 2380; 900; 1; 5;
488; 405; 494; 256; 420; 1; 200; 1980; 900; 1; -1;
1110; 319; 1116; 312; 420; 1; 200; 2780; 900; 1; 10;
1114; 271; 1116; 312; 420; 1; 200; 2380; 900; 1; 6;
488; 323; 494; 256; 420; 1; 200; 1980; 900; 1; -1;
1110; 354; 1116; 312; 420; 1; 200; 1980; 900; 1; -1;
1110; 396; 1116; 312; 420; 1; 200; 1980; 900; 1; -1;
497; 261; 504; 273; 420; 1; 200; 2780; 900; 1; 4;
194; 29; 200; 13; 420; 1; 200; 1980; 900; 1; -1;
565; 242; 400;
607; 378; 400;
847; 23; 400;
433; 534; 400;
165; 418; 400;
1134; 218; 400;
151; 542; 400;
633; 314; 400;
1041; 569; 400;
28; 508; 400;
748; 343; 400;
