0
12
12
23
23
23
0
790; 120; 655; 105; 11; 1; 200; 2389; 1300; 0;
946; 494; 877; 501; 11; 1; 200; 2389; 1300; 0;
362; 259; 404; 308; 11; 1; 200; 2389; 1300; 0;
1173; 535; 1178; 420; 11; 1; 200; 2389; 1300; 0;
514; 367; 486; 303; 11; 1; 200; 2389; 1300; 0;
712; 437; 827; 460; 11; 1; 200; 2389; 1300; 0;
1078; 501; 1178; 420; 11; 1; 200; 2389; 1300; 0;
557; 185; 552; 230; 11; 1; 200; 2389; 1300; 0;
468; 301; 486; 303; 11; 1; 200; 2389; 1300; 0;
334; 466; 282; 386; 11; 1; 200; 2389; 1300; 0;
907; 361; 933; 360; 11; 1; 200; 2389; 1300; 0;
85; 11; 738; 207; 11; 1; 200; 2389; 1300; 0;
988; 121; 790; 120; 11; 1; 200; 2389; 900; 1; -1;
952; 446; 946; 494; 11; 1; 200; 2389; 900; 1; -1;
475; 27; 557; 185; 11; 1; 200; 2389; 900; 1; -1;
507; 140; 557; 185; 11; 1; 200; 2389; 900; 1; -1;
781; 435; 712; 437; 11; 1; 200; 2389; 900; 1; -1;
706; 431; 712; 437; 11; 1; 200; 2389; 900; 1; -1;
904; 348; 907; 361; 11; 1; 200; 2389; 900; 1; -1;
81; 256; 408; 107; 11; 1; 200; 2389; 900; 1; -1;
884; 187; 790; 120; 11; 1; 200; 2389; 900; 1; -1;
66; 27; 85; 11; 11; 1; 200; 2389; 900; 1; -1;
418; 212; 362; 259; 11; 1; 200; 2389; 900; 1; -1;
889; 162; 790; 120; 11; 1; 200; 2389; 900; 1; -1;
933; 360; 400;
282; 386; 400;
391; 350; 400;
922; 8; 400;
268; 261; 400;
827; 460; 400;
486; 303; 400;
377; 355; 400;
877; 501; 400;
1137; 95; 400;
975; 321; 400;
176; 501; 400;
829; 528; 400;
647; 191; 400;
404; 308; 400;
476; 228; 400;
1178; 420; 400;
967; 316; 400;
882; 278; 400;
615; 220; 400;
915; 421; 400;
552; 230; 400;
655; 105; 400;
