12
12
12
12
12
0
347; 294; 461; 296; 102; 1; 200; 1698; 800; 0;
342; 116; 322; 158; 102; 1; 200; 1298; 800; 0;
1007; 541; 895; 492; 102; 1; 200; 1298; 800; 0;
178; 445; 218; 497; 102; 1; 200; 1298; 800; 0;
1066; 85; 1071; 72; 102; 1; 200; 1698; 800; 0;
339; 471; 218; 497; 102; 1; 200; 1698; 800; 0;
932; 399; 895; 492; 102; 1; 200; 1298; 800; 0;
1147; 444; 1158; 363; 102; 1; 200; 1298; 800; 0;
637; 46; 569; 92; 102; 1; 200; 1298; 800; 0;
342; 235; 322; 158; 102; 1; 200; 2098; 800; 0;
564; 67; 569; 92; 102; 1; 200; 1298; 800; 0;
194; 566; 218; 497; 102; 1; 200; 1298; 800; 0;
84; 210; 581; 302; 102; 1; 200; 1298; 800; 1;
437; 329; 342; 235; 102; 1; 200; 1298; 800; 1;
107; 42; 406; 496; 102; 1; 200; 1298; 800; 1;
606; 388; 610; 547; 102; 1; 200; 1298; 800; 1;
137; 517; 194; 566; 102; 1; 200; 1298; 800; 1;
501; 531; 339; 471; 102; 1; 200; 1298; 800; 1;
173; 320; 178; 445; 102; 1; 200; 1298; 800; 1;
344; 405; 339; 471; 102; 1; 200; 1298; 800; 1;
1061; 59; 1066; 85; 102; 1; 200; 1298; 800; 1;
980; 228; 1066; 85; 102; 1; 200; 1298; 800; 1;
436; 488; 339; 471; 102; 1; 200; 1298; 800; 1;
690; 347; 52; 311; 102; 1; 200; 1298; 800; 1;
60; 180; 400;
569; 92; 400;
882; 193; 400;
322; 158; 400;
1071; 72; 400;
1158; 363; 400;
461; 296; 400;
930; 220; 400;
131; 359; 400;
895; 492; 400;
218; 497; 400;
677; 529; 400;
