0
12
12
12
12
12
0
634; 556; 699; 482; 46; 1; 200; 2354; 1300; 0;
102; 290; 37; 402; 46; 1; 200; 2354; 1300; 0;
602; 564; 699; 482; 46; 1; 200; 2354; 1300; 0;
609; 212; 506; 241; 46; 1; 200; 2354; 1300; 0;
174; 431; 37; 402; 46; 1; 200; 1954; 1300; 0;
327; 199; 450; 128; 46; 1; 200; 2754; 1300; 0;
42; 342; 37; 402; 46; 1; 200; 2354; 1300; 0;
532; 261; 506; 241; 46; 1; 200; 2354; 1300; 0;
247; 225; 400; 54; 46; 1; 200; 2354; 1300; 0;
1141; 328; 1136; 419; 46; 1; 200; 2354; 1300; 0;
511; 354; 506; 241; 46; 1; 200; 2354; 1300; 0;
731; 18; 779; 21; 46; 1; 200; 2354; 1300; 0;
480; 521; 634; 556; 46; 1; 200; 2354; 900; 1; -1;
926; 497; 931; 198; 46; 1; 200; 2354; 900; 1; -1;
538; 213; 532; 261; 46; 1; 200; 2354; 900; 1; -1;
516; 406; 511; 354; 46; 1; 200; 2354; 900; 1; -1;
47; 399; 42; 342; 46; 1; 200; 2354; 900; 1; -1;
1076; 10; 814; 271; 46; 1; 200; 2354; 900; 1; -1;
638; 212; 609; 212; 46; 1; 200; 2354; 900; 1; -1;
314; 195; 327; 199; 46; 1; 200; 2354; 900; 1; -1;
172; 436; 102; 290; 46; 1; 200; 2754; 900; 1; 4;
483; 527; 634; 556; 46; 1; 200; 2354; 900; 1; -1;
131; 455; 174; 431; 46; 1; 200; 2354; 900; 1; -1;
1118; 76; 850; 296; 46; 1; 200; 2354; 900; 1; -1;
450; 128; 400;
37; 402; 400;
1067; 34; 400;
494; 117; 400;
699; 482; 400;
1060; 33; 400;
506; 241; 400;
779; 21; 400;
1136; 419; 400;
965; 221; 400;
8; 77; 400;
400; 54; 400;
